1560,34,227.0126542
1560,34,125.475049
1560,34,119.0567679
1560,34,161.8094786
1560,34,244.5438479
1560,34,68.1976496
1620,33,124.1103309
1620,33,77.6328468
1620,33,81.6785048
1620,33,89.544214
1620,33,72.3749746
1620,33,143.0600188
1620,33,124.298988
1620,33,111.0253806
1620,33,287.9059516
1620,33,528.3284416
1620.00000000003,32.9999999999995,113.7533635
1680,32,75.2570821
1680,32,67.0536815
1680,32,94.2663133
1680,32,129.1730752
1680,32,128.1882555
1680,32,101.9722293
1680,32,156.5243604
1680,32,127.6397727
1680,32,112.1014167
1680,32,3091.7873103
1680.00000000008,31.9999999999987,135.9830135
1740,31,167.6497262
